2.82
3.90
-1.81
0.36
4.53
2.45
-2.66
4.74
3.38
-3.59
-3.19
-1.58
2.57
3.63
4.05
-1.96
-3.09
4.56
3.33
2.33
-3.29
-1.90
-2.72
1.79
-1.54
-2.07
3.44
2.87
-0.73
-3.41
-3.45
-2.13
-3.31
-3.15
-3.71
-3.77
-1.94
-2.54
-3.06
-4.13
-1.93
-3.79
-2.58
-0.59
-3.72
-3.88
-1.47
1.89
-3.86
-2.07
1.19
2.44
-1.82
-2.09
3.98
3.65
1.54
-1.08
-0.47
2.35
3.77
3.91
-2.75
2.38
2.96
-2.95
-2.69
3.69
3.38
2.61
1.27
2.79
-3.01
3.53
2.69
-1.68
-1.01
2.03
2.47
-1.95
3.25
-2.75
3.43
-2.95
3.83
1.43
-2.22
3.57
-2.09
1.93
1.95
-0.39
-2.95
-0.07
0.82
-3.23
-2.10
-2.35
-3.40
-1.17
-1.44
-2.16
-1.97
3.85
-2.46
-1.82
-3.87
-3.47
-1.29
4.56
-2.28
-3.48
-3.57
-2.44
-4.32
-3.58
-1.32
-1.27
1.25
-3.51
-1.65
-2.52
-2.46
-1.67
-2.61
-3.99
-2.14
-2.40
-2.89
-3.54
-3.09
0.67
1.62
-1.69
0.11
-2.34
-2.92
-2.55
4.49
3.03
2.28
-1.50
-3.00
-2.84
-3.89
-2.43
-1.91
-3.59
-3.65
-4.32
-3.29
-3.72
-1.98
-2.13
-1.04
-1.00
-2.85
-2.28
-2.37
3.53
-3.23
-1.47
4.03
-1.72
2.67
-3.21
-1.04
-2.74
-0.25
-3.00
-2.53
-0.21
4.43
-0.92
2.92
2.09
-2.86
-3.40
-3.01
3.71
-2.21
-2.96
-3.86
3.74
-2.16
-3.05
-0.75
-2.67
-2.77
-3.99
-3.52
4.07
-1.45
-0.20
4.15
1.78
3.66
-2.15
3.96
3.13
-2.19
-1.61
0.10
-4.07
3.59
-2.41
3.90
1.28
0.12
2.97
-2.19
3.96
-2.16
4.15
-2.47
-2.95
-3.58
-1.47
-1.32
-1.68
-2.34
-1.85
-2.54
3.42
-2.09
-0.50
3.53
-3.03
0.20
-2.50
1.11
-2.78
-2.43
3.36
1.87
-3.80
0.03